# Cadena sintetica generada por herramientas/generar
# patron=aleatoria referencias=1200 paginas=20 semilla=42
# Regenerable con: ./generar aleatoria 1200 20 42
7 15 19 3 14 15 11 11 3 8 3 1 1 9 17 6 12 2 14 13 0 1 19 14 16
18 4 0 3 19 3 12 6 12 10 0 8 0 5 10 12 7 2 0 5 19 7 4 9 1
15 12 3 7 10 19 11 9 0 17 12 13 3 9 1 0 18 18 19 11 16 7 6 0 1
4 13 4 8 13 2 12 9 16 0 3 18 7 5 3 13 15 6 8 10 4 10 11 3 0
19 16 15 8 18 7 17 18 11 14 18 6 1 11 3 10 0 19 6 16 7 14 5 10 16
11 7 19 5 12 10 5 2 5 16 3 1 0 19 8 15 7 3 5 0 0 16 3 14 14
14 15 15 12 1 18 7 13 2 18 17 17 12 8 6 1 1 7 6 13 6 13 14 11 12
5 17 11 9 7 2 19 14 16 15 14 11 4 15 5 9 0 10 14 8 2 0 8 2 4
0 17 12 9 6 11 10 13 18 2 4 12 8 10 15 4 4 18 1 11 5 13 3 17 18
12 16 5 12 2 17 9 16 4 3 8 17 17 10 6 16 2 17 7 6 18 2 5 4 12
8 0 16 7 17 6 0 3 10 10 8 9 4 13 2 5 6 4 18 3 6 4 10 11 14
8 7 1 19 5 19 4 5 13 9 14 6 2 5 19 0 5 12 19 10 8 1 0 5 6
18 12 4 13 2 10 9 8 19 11 4 11 13 1 15 7 4 4 14 16 7 9 12 19 12
7 10 16 1 15 16 3 6 10 3 13 0 17 11 6 13 4 0 14 10 16 4 6 12 1
3 18 13 7 7 10 18 16 2 13 6 14 2 4 18 10 17 13 5 4 13 3 16 19 11
10 10 5 4 19 1 19 17 11 18 17 12 3 6 5 6 14 14 16 17 17 17 8 15 17
12 17 1 18 3 15 17 13 12 11 0 7 2 18 13 19 0 5 3 6 10 9 13 8 13
19 4 3 14 0 4 9 6 3 14 7 12 14 16 14 13 6 11 10 1 10 7 12 5 5
4 11 19 19 7 9 17 18 12 8 15 7 10 12 11 13 9 17 3 4 14 9 5 11 0
15 12 0 3 19 18 9 19 5 18 17 7 14 0 19 18 6 8 11 19 11 19 19 17 1
5 6 7 3 17 5 6 9 3 7 11 7 18 16 13 18 11 1 1 4 12 13 19 7 2
5 10 5 17 6 14 16 13 2 14 14 7 11 5 5 16 8 16 5 17 12 18 1 10 0
10 12 15 3 12 1 14 7 15 1 17 17 6 0 7 11 1 8 11 13 0 6 9 3 10
19 5 16 11 17 0 5 0 0 16 6 7 10 2 6 10 16 15 5 4 19 12 9 1 16
1 3 10 8 10 13 12 2 14 2 19 19 10 14 6 0 15 7 5 8 8 14 1 5 0
3 19 1 16 8 13 13 8 1 3 18 3 8 5 4 10 1 14 3 13 18 5 12 19 10
14 13 11 8 12 14 8 0 4 11 7 3 15 2 0 6 2 1 0 1 0 6 17 19 14
3 9 0 1 15 9 16 9 6 3 9 8 12 7 0 12 18 12 17 0 5 7 0 12 18
10 10 17 10 13 13 3 12 1 18 12 18 0 17 11 12 18 16 11 13 7 11 12 2 9
16 10 16 18 12 7 16 19 13 18 4 3 5 1 4 2 7 0 0 1 12 13 6 1 13
6 7 16 13 0 6 16 5 5 9 2 13 13 6 12 18 17 0 14 8 16 19 5 10 3
8 15 11 16 11 19 14 8 2 7 5 15 11 6 17 18 11 17 4 8 13 15 14 15 4
2 7 18 10 10 9 16 7 6 5 17 1 7 1 0 19 18 16 1 7 6 19 19 13 19
9 11 9 12 1 8 1 5 12 6 11 13 4 15 18 15 15 15 2 1 18 9 19 1 19
10 1 8 14 17 10 7 14 2 19 2 13 15 16 12 17 2 16 1 8 14 4 1 7 16
17 14 2 1 10 1 4 19 11 7 17 7 17 16 4 18 18 19 11 15 7 7 14 1 9
15 7 11 14 8 4 18 6 2 8 9 5 0 8 9 11 1 14 2 15 2 16 12 14 14
13 11 4 19 8 7 9 5 1 17 10 4 8 19 16 0 19 19 11 0 6 17 0 10 18
19 18 1 5 11 13 19 1 10 3 12 4 13 5 9 19 12 13 11 7 18 14 0 18 5
19 19 1 17 7 9 2 12 6 5 3 3 12 9 7 7 4 11 5 1 7 19 5 19 9
13 0 10 5 6 8 16 12 13 5 3 2 18 1 16 18 18 8 14 11 12 18 8 1 18
17 17 11 0 3 0 8 7 15 16 9 19 19 3 7 11 14 7 7 19 16 16 11 16 1
9 0 8 2 5 0 1 1 17 13 16 10 19 14 19 18 11 11 15 14 18 15 16 7 4
4 9 4 2 5 19 5 12 4 4 17 13 15 12 0 7 5 2 0 13 9 10 9 15 16
10 6 17 16 11 19 11 1 17 15 8 11 2 9 0 8 15 15 12 12 14 16 4 18 2
12 0 19 7 12 11 12 7 11 8 1 18 14 6 10 10 9 15 18 7 5 12 10 17 13
18 15 2 9 18 16 9 15 5 1 9 0 19 12 9 6 6 4 12 11 4 6 1 10 2
9 2 11 3 8 2 13 12 3 3 13 6 8 17 17 9 10 13 19 3 12 3 4 0 16

